4
linear   essential      -0.250000   0.750000
linear   non-essential   0.000000   1.000000
linear   essential       0.000000   1.000000
linear   essential       0.000000   1.000000

Р 1
significant   elliptical  1499
	  0.382310  0.307341  0.206792  0.162384
	  0.000400  0.000906  0.000400  0.000400

о 1
significant   elliptical  3200
	  0.245483  0.250845  0.158650  0.148672
	  0.000400  0.000400  0.000400  0.000400

с 1
significant   elliptical  3200
	  0.250236  0.224423  0.166760  0.135664
	  0.000400  0.000520  0.000400  0.000400

т 1
significant   elliptical  3200
	  0.282745  0.269091  0.162810  0.163391
	  0.000611  0.008179  0.000400  0.002718

в 1
significant   elliptical  3200
	  0.244264  0.269487  0.161188  0.140685
	  0.000400  0.000852  0.000400  0.000400

- 1
significant   elliptical   959
	  0.266990  0.076605  0.049425  0.099819
	  0.000674  0.000400  0.000400  0.000410

н 1
significant   elliptical  3200
	  0.245735  0.274045  0.163141  0.162206
	  0.000400  0.001376  0.000400  0.000400

а 1
significant   elliptical  3200
	  0.240026  0.292890  0.160763  0.135442
	  0.000400  0.001368  0.000400  0.000400

Д 1
significant   elliptical   562
	  0.265597  0.445418  0.258181  0.198913
	  0.000619  0.001276  0.000400  0.000400

у 1
significant   elliptical  3177
	  0.202256  0.269366  0.212724  0.143282
	  0.000432  0.000916  0.000400  0.000400

п 1
significant   elliptical  3200
	  0.252860  0.270842  0.166123  0.162230
	  0.000400  0.000731  0.000400  0.000400

и 1
significant   elliptical  3200
	  0.244543  0.279608  0.161592  0.161392
	  0.000400  0.001156  0.000400  0.000400

к 1
significant   elliptical  3200
	  0.248938  0.264138  0.166519  0.148752
	  0.000400  0.001039  0.000400  0.000400

ж 1
significant   elliptical  1551
	  0.247343  0.382344  0.167996  0.214262
	  0.000400  0.003006  0.000400  0.001477

е 1
significant   elliptical  3200
	  0.246273  0.264122  0.154391  0.135022
	  0.000400  0.000857  0.000400  0.000400

К 1
significant   elliptical  1017
	  0.340332  0.364032  0.226317  0.179280
	  0.000400  0.002380  0.000400  0.000529

д 1
significant   elliptical  3200
	  0.232489  0.324234  0.198251  0.159584
	  0.004691  0.000509  0.000400  0.000400

’ 1
significant   elliptical   192
	  0.552511  0.078819  0.091756  0.060120
	  0.000609  0.000400  0.000400  0.000400

О 1
significant   elliptical  1504
	  0.333600  0.352599  0.218464  0.197650
	  0.000400  0.000632  0.000400  0.000400

р 1
significant   elliptical  3193
	  0.190633  0.313589  0.206657  0.161051
	  0.000400  0.001073  0.000400  0.000400

. 1
significant   elliptical  2205
	  0.077275  0.052267  0.055469  0.055552
	  0.000400  0.000400  0.000400  0.000400

б 1
significant   elliptical  3200
	  0.344448  0.340075  0.211511  0.148324
	  0.000400  0.000402  0.000400  0.000400

л 1
significant   elliptical  3200
	  0.237894  0.268372  0.163053  0.157495
	  0.000400  0.000685  0.000400  0.000400

П 1
significant   elliptical  1207
	  0.349462  0.381132  0.230783  0.204187
	  0.000400  0.002422  0.000400  0.000492

г 1
significant   elliptical  3199
	  0.278547  0.206370  0.163744  0.127620
	  0.000524  0.001777  0.000400  0.000541

м 1
significant   elliptical  3200
	  0.228109  0.331664  0.154624  0.194354
	  0.000400  0.001590  0.000400  0.000400

ы 1
significant   elliptical  3200
	  0.225061  0.348362  0.158181  0.207316
	  0.000400  0.000916  0.000400  0.000544

х 1
significant   elliptical  1563
	  0.244394  0.248663  0.172237  0.147995
	  0.000400  0.000808  0.000400  0.000400

2 1
significant   elliptical  1504
	  0.311549  0.287890  0.221451  0.135306
	  0.000509  0.000704  0.000400  0.000400

7 1
significant   elliptical   447
	  0.391883  0.230048  0.212816  0.127097
	  0.002902  0.000400  0.000400  0.000400

ч 1
significant   elliptical  2080
	  0.280863  0.231608  0.152575  0.147566
	  0.000400  0.001114  0.000400  0.000400

А 1
significant   elliptical  1189
	  0.270445  0.306770  0.196886  0.168163
	  0.000400  0.001029  0.000400  0.000400

Т 1
significant   elliptical   691
	  0.412841  0.274024  0.226382  0.153118
	  0.000569  0.001855  0.000400  0.000415

Л 1
significant   elliptical   453
	  0.330686  0.371540  0.226123  0.192027
	  0.000400  0.002055  0.000400  0.000400

Г 1
significant   elliptical   475
	  0.400288  0.251465  0.230781  0.161727
	  0.000400  0.001584  0.000400  0.000629

' 1
significant   elliptical   160
	  0.552173  0.072197  0.092163  0.051636
	  0.000970  0.000400  0.000400  0.000400

0 1
significant   elliptical  1920
	  0.328249  0.302715  0.203125  0.151522
	  0.000736  0.000400  0.000400  0.000400

9 1
significant   elliptical   480
	  0.330477  0.308530  0.205273  0.139738
	  0.002483  0.001096  0.000400  0.000400

ь 1
significant   elliptical  3136
	  0.210032  0.225839  0.151211  0.134108
	  0.000400  0.000687  0.000400  0.000400

: 1
significant   elliptical   927
	  0.240565  0.104156  0.172688  0.060633
	  0.000400  0.000501  0.000400  0.000400

‘ 1
significant   elliptical   128
	  0.542175  0.077875  0.091736  0.057678
	  0.000459  0.000400  0.000400  0.000400

ц 1
significant   elliptical  1376
	  0.209828  0.300474  0.186379  0.166697
	  0.000400  0.000592  0.000400  0.000400

, 1
significant   elliptical  1632
	  0.014208  0.081650  0.096021  0.061629
	  0.000400  0.000400  0.000400  0.000400

В 1
significant   elliptical  1309
	  0.332312  0.374363  0.219600  0.168533
	  0.000400  0.001314  0.000400  0.000400

ё 1
significant   elliptical   160
	  0.333252  0.361357  0.203711  0.129028
	  0.000480  0.001073  0.000400  0.000400

з 1
significant   elliptical  2368
	  0.247148  0.261848  0.163879  0.121377
	  0.000400  0.001335  0.000400  0.000400

я 1
significant   elliptical  3200
	  0.242518  0.269420  0.163759  0.150571
	  0.000400  0.000750  0.000400  0.000400

\ 1
significant   elliptical   127
	  0.317144  0.169242  0.231361  0.078248
	  0.001119  0.000400  0.000515  0.000448

И 1
significant   elliptical  1139
	  0.336147  0.411830  0.215681  0.199497
	  0.000400  0.003515  0.000449  0.000400

Е 1
significant   elliptical   634
	  0.336165  0.373459  0.230432  0.162054
	  0.000400  0.002712  0.000400  0.000400

М 1
significant   elliptical   842
	  0.315655  0.474184  0.206897  0.234449
	  0.000400  0.005476  0.000400  0.001152

ф 1
significant   elliptical  1024
	  0.245888  0.439666  0.226437  0.187363
	  0.000400  0.001574  0.000400  0.000490

э 1
significant   elliptical   448
	  0.247428  0.266362  0.160243  0.124887
	  0.000400  0.001419  0.000400  0.000400

& 1
significant   elliptical   128
	  0.297943  0.385486  0.206268  0.169922
	  0.000418  0.003870  0.000400  0.000661

— 1
significant   elliptical   160
	  0.266895  0.175862  0.046313  0.249634
	  0.000615  0.000826  0.000400  0.001740

й 1
significant   elliptical  2208
	  0.332254  0.381045  0.212008  0.148415
	  0.000400  0.001814  0.000400  0.000400

ю 1
significant   elliptical   857
	  0.246964  0.362460  0.163196  0.209816
	  0.000400  0.000817  0.000400  0.000409

ш 1
significant   elliptical   768
	  0.244283  0.393162  0.166417  0.222198
	  0.000400  0.001448  0.000400  0.000604

3 1
significant   elliptical   512
	  0.314751  0.303609  0.223183  0.132858
	  0.002550  0.001394  0.000400  0.000400

4 1
significant   elliptical   480
	  0.300195  0.260374  0.186979  0.136865
	  0.002242  0.000718  0.000400  0.000400

С 1
significant   elliptical  1662
	  0.342958  0.308460  0.235611  0.180092
	  0.000454  0.000906  0.000400  0.000400

щ 1
significant   elliptical   864
	  0.223366  0.421770  0.181288  0.229827
	  0.000400  0.001171  0.000400  0.000538

› 1
significant   elliptical   192
	  0.250936  0.107766  0.117961  0.072510
	  0.000400  0.000400  0.000414  0.000400

1 1
significant   elliptical  1343
	  0.306715  0.198497  0.217517  0.098543
	  0.001253  0.000571  0.000400  0.000400

Б 1
significant   elliptical   319
	  0.335215  0.375704  0.224934  0.168459
	  0.000400  0.001470  0.000400  0.000446

Ъ 1
significant   elliptical   128
	  0.317535  0.355218  0.219666  0.179535
	  0.000467  0.001052  0.000400  0.000400

Я 1
significant   elliptical   320
	  0.333875  0.373069  0.222583  0.181531
	  0.000400  0.001279  0.000400  0.000412

Н 1
significant   elliptical   955
	  0.336461  0.389060  0.221216  0.203440
	  0.000400  0.003599  0.000421  0.000400

Й 1
significant   elliptical   153
	  0.421594  0.515855  0.260391  0.186836
	  0.000400  0.004111  0.000400  0.000400

“ 1
significant   elliptical   128
	  0.541504  0.153384  0.091248  0.114532
	  0.000613  0.000578  0.000400  0.000400

” 1
significant   elliptical   160
	  0.551001  0.155198  0.090991  0.116260
	  0.000740  0.000591  0.000400  0.000400

( 1
significant   elliptical   446
	  0.275084  0.194936  0.256516  0.086726
	  0.000435  0.000400  0.000400  0.000400

5 1
significant   elliptical   480
	  0.319271  0.303508  0.219425  0.135962
	  0.002678  0.000835  0.000400  0.000400

) 1
significant   elliptical   478
	  0.261572  0.195240  0.256954  0.086836
	  0.000451  0.000400  0.000400  0.000400

6 1
significant   elliptical   384
	  0.326009  0.304724  0.205648  0.139954
	  0.000400  0.000720  0.000400  0.000400

ъ 1
significant   elliptical   128
	  0.235291  0.251941  0.159027  0.150391
	  0.000400  0.000726  0.000400  0.000400

® 1
significant   elliptical   124
	  0.324817  0.569345  0.200762  0.193769
	  0.000633  0.006321  0.000400  0.000400

| 1
significant   elliptical   448
	  0.264352  0.182214  0.258754  0.046927
	  0.000853  0.000400  0.000400  0.000400

} 1
significant   elliptical   192
	  0.263611  0.228809  0.267619  0.095723
	  0.000411  0.000559  0.000400  0.000510

У 1
significant   elliptical   343
	  0.385079  0.301360  0.217509  0.171636
	  0.000533  0.001243  0.000400  0.000400

Ю 1
significant   elliptical   160
	  0.335400  0.519478  0.224268  0.270288
	  0.000400  0.003785  0.000400  0.001494

» 1
significant   elliptical   192
	  0.252645  0.216516  0.120809  0.123393
	  0.000632  0.001105  0.000400  0.000400

Ф 1
significant   elliptical   352
	  0.337147  0.386506  0.188022  0.192860
	  0.000400  0.002609  0.000400  0.000580

8 1
significant   elliptical   512
	  0.334778  0.327419  0.212639  0.144356
	  0.000400  0.000716  0.000400  0.000400

# 1
significant   elliptical   128
	  0.336365  0.338269  0.199615  0.149994
	  0.000476  0.000474  0.000400  0.000400

$ 1
significant   elliptical   128
	  0.317139  0.339920  0.224731  0.130981
	  0.001035  0.001708  0.000400  0.000400

З 1
significant   elliptical   256
	  0.342041  0.340923  0.227417  0.147125
	  0.000434  0.001665  0.000400  0.000400

Ж 1
significant   elliptical   123
	  0.338097  0.522551  0.227261  0.248380
	  0.000400  0.005234  0.000400  0.001351

] 1
significant   elliptical   192
	  0.265442  0.225806  0.286316  0.089884
	  0.000400  0.000400  0.000400  0.000400

> 1
significant   elliptical   192
	  0.292318  0.201493  0.138102  0.145630
	  0.001220  0.000748  0.000400  0.000409

" 1
significant   elliptical   256
	  0.553131  0.142006  0.090790  0.107788
	  0.000921  0.000440  0.000400  0.000400

* 1
significant   elliptical   160
	  0.486377  0.170085  0.110327  0.112671
	  0.001166  0.001001  0.000400  0.000400

+ 1
significant   elliptical   160
	  0.293164  0.184353  0.132812  0.131128
	  0.000659  0.000594  0.000400  0.000400

‚ 1
significant   elliptical   128
	  0.023132  0.078894  0.091858  0.060364
	  0.000628  0.000400  0.000400  0.000400

Ё 1
significant   elliptical   128
	  0.412354  0.466058  0.266907  0.155212
	  0.000789  0.003942  0.000400  0.000400

Ы 1
significant   elliptical   127
	  0.302534  0.480641  0.217089  0.246001
	  0.000400  0.002910  0.000400  0.001190

! 1
significant   elliptical   224
	  0.334560  0.161485  0.217006  0.061994
	  0.000400  0.000400  0.000400  0.000400

% 1
significant   elliptical   128
	  0.339233  0.484552  0.200348  0.194275
	  0.000400  0.004976  0.000400  0.001537

… 1
significant   elliptical   128
	  0.072388  0.143143  0.051727  0.217896
	  0.000400  0.001333  0.000400  0.001460

{ 1
significant   elliptical   160
	  0.271875  0.226826  0.267065  0.095923
	  0.000400  0.000475  0.000400  0.000524

« 1
significant   elliptical   128
	  0.257355  0.215378  0.119843  0.122314
	  0.000400  0.000995  0.000410  0.000400

Э 1
significant   elliptical   128
	  0.337830  0.367487  0.222443  0.165558
	  0.000400  0.001728  0.000400  0.000400

; 1
significant   elliptical   127
	  0.168676  0.133292  0.204940  0.068036
	  0.000427  0.000608  0.000400  0.000400

№ 1
significant   elliptical   124
	  0.320376  0.571604  0.197455  0.256836
	  0.000482  0.007146  0.000400  0.001814

Ц 1
significant   elliptical   160
	  0.290942  0.408027  0.248364  0.208813
	  0.000676  0.002295  0.000400  0.000555

^ 1
significant   elliptical   224
	  0.480103  0.147988  0.101440  0.131731
	  0.001334  0.000400  0.000400  0.000436

і 1
significant   elliptical   128
	  0.331268  0.186993  0.219116  0.075775
	  0.000679  0.000954  0.000400  0.000435

/ 1
significant   elliptical   191
	  0.318615  0.177871  0.230694  0.111134
	  0.001112  0.000423  0.000504  0.000896

Ь 1
significant   elliptical   191
	  0.279634  0.313983  0.205784  0.159584
	  0.000400  0.001020  0.000400  0.000400

[ 1
significant   elliptical   159
	  0.269605  0.226973  0.286679  0.088149
	  0.000400  0.000400  0.000400  0.000400

© 1
significant   elliptical   128
	  0.321503  0.577133  0.202759  0.194916
	  0.000665  0.004703  0.000405  0.000400

= 1
significant   elliptical   185
	  0.300232  0.231343  0.099726  0.161128
	  0.000820  0.000700  0.000400  0.000400

Ш 1
significant   elliptical   151
	  0.328901  0.547837  0.228425  0.271083
	  0.000436  0.006011  0.000400  0.001798

< 1
significant   elliptical   192
	  0.294739  0.201518  0.138733  0.145081
	  0.001336  0.000777  0.000400  0.000421

Щ 1
significant   elliptical   124
	  0.306231  0.569790  0.242030  0.275611
	  0.000599  0.005051  0.000400  0.001947

? 1
significant   elliptical   160
	  0.391846  0.235591  0.210938  0.109521
	  0.000533  0.000700  0.000400  0.000400

@ 1
significant   elliptical   128
	  0.276642  0.615857  0.223389  0.201874
	  0.001412  0.016685  0.000611  0.001346

„ 1
significant   elliptical   128
	  0.024841  0.153918  0.090088  0.115814
	  0.000877  0.000587  0.000400  0.000400

Х 1
significant   elliptical   125
	  0.331375  0.349628  0.234812  0.179312
	  0.000400  0.002927  0.000400  0.000574

° 1
significant   elliptical   128
	  0.539612  0.140598  0.095123  0.094788
	  0.001816  0.000657  0.000400  0.000400

` 1
significant   elliptical   128
	  0.625305  0.057281  0.060181  0.057709
	  0.000409  0.000400  0.000400  0.000400

_ 1
significant   elliptical   149
	 -0.120150  0.148718  0.041107  0.208919
	  0.004153  0.003928  0.000400  0.008316

Ч 1
significant   elliptical   128
	  0.384491  0.320932  0.207886  0.178711
	  0.000453  0.002434  0.000400  0.000400

‹ 1
significant   elliptical   192
	  0.254801  0.108057  0.118978  0.072693
	  0.000510  0.000400  0.000409  0.000400
